# unix_time, cycles_done, cur_path, paths_total, pending_total, pending_favs, map_size, unique_crashes, unique_hangs, max_depth, execs_per_sec
1500025243, 0, 0, 1, 1, 1, 0.01%, 0, 0, 1, 2666.67
1500025248, 42, 1, 2, 0, 0, 0.01%, 0, 0, 2, 4265.88
1500025254, 89, 0, 2, 0, 0, 0.01%, 0, 0, 2, 4608.89
1500025259, 136, 1, 2, 0, 0, 0.01%, 0, 0, 2, 4636.79
1500025264, 181, 1, 2, 0, 0, 0.01%, 0, 0, 2, 4568.30
1500025269, 226, 0, 2, 0, 0, 0.01%, 0, 0, 2, 4498.43
1500025274, 270, 0, 2, 0, 0, 0.01%, 0, 0, 2, 4424.21
1500025279, 314, 0, 2, 0, 0, 0.01%, 0, 0, 2, 4395.08
1500025284, 358, 0, 2, 0, 0, 0.01%, 0, 0, 2, 4396.42
1500025289, 403, 1, 2, 0, 0, 0.01%, 0, 0, 2, 4642.10
1500025294, 450, 1, 2, 0, 0, 0.01%, 0, 0, 2, 4663.57
1500025299, 496, 1, 2, 0, 0, 0.01%, 0, 0, 2, 4651.53
1500025304, 541, 0, 2, 0, 0, 0.01%, 0, 0, 2, 4574.92
1500025310, 587, 1, 2, 0, 0, 0.01%, 0, 0, 2, 4664.66
1500025315, 634, 0, 2, 0, 0, 0.01%, 0, 0, 2, 4667.63
1500025320, 678, 1, 2, 0, 0, 0.01%, 0, 0, 2, 4568.21
1500025325, 724, 0, 2, 0, 0, 0.01%, 0, 0, 2, 4570.27
1500025330, 770, 1, 2, 0, 0, 0.01%, 0, 0, 2, 4644.46
1500025335, 818, 1, 2, 0, 0, 0.01%, 0, 0, 2, 4719.26
1500025340, 865, 0, 2, 0, 0, 0.01%, 0, 0, 2, 4682.17
1500025345, 909, 1, 2, 0, 0, 0.01%, 0, 0, 2, 4510.65
1500025350, 953, 1, 2, 0, 0, 0.01%, 0, 0, 2, 4437.14
1500025355, 997, 1, 2, 0, 0, 0.01%, 0, 0, 2, 4423.11
1500025361, 1044, 1, 2, 0, 0, 0.01%, 0, 0, 2, 4557.85
1500025366, 1089, 1, 2, 0, 0, 0.01%, 0, 0, 2, 4583.38
1500025371, 1133, 1, 2, 0, 0, 0.01%, 0, 0, 2, 4484.98
1500025376, 1178, 0, 2, 0, 0, 0.01%, 0, 0, 2, 4433.52
1500025381, 1222, 1, 2, 0, 0, 0.01%, 0, 0, 2, 4475.21
1500025386, 1266, 1, 2, 0, 0, 0.01%, 0, 0, 2, 4411.59
1500025391, 1310, 1, 2, 0, 0, 0.01%, 0, 0, 2, 4390.78
1500025396, 1355, 1, 2, 0, 0, 0.01%, 0, 0, 2, 4486.84
1500025401, 1399, 1, 2, 0, 0, 0.01%, 0, 0, 2, 4509.26
1500025406, 1446, 0, 2, 0, 0, 0.01%, 0, 0, 2, 4632.58
1500025411, 1491, 0, 2, 0, 0, 0.01%, 0, 0, 2, 4548.47
1500025417, 1537, 0, 2, 0, 0, 0.01%, 0, 0, 2, 4592.96
1500025422, 1583, 0, 2, 0, 0, 0.01%, 0, 0, 2, 4603.87
1500025427, 1627, 1, 2, 0, 0, 0.01%, 0, 0, 2, 4545.79
